spend time
matrix dimension is 100.
--------------------------------------------------------------------------------------------------------------------------------------------------------------------------------------------------------------------------------------------------------------------------------------------------------------------------------------------------------------------------------------------------------------------------------------------------------------------------------------------------------------------
original matrix is: 
--------------------------------------------------------------------------------------------------------------------------------------------------------------------------------------------------------------------------------------------------------------------------------------------------------------------------------------------------------------------------------------------------------------------------------------------------------------------------------------------------------------------
 8.5407 -4.0261 -0.1676 -9.4428  5.1030 -9.8875  8.3324 -9.2866 -7.0010 -8.7934 -3.0967  7.8508  6.9150 -9.6731 -7.9574 -5.4086 -1.7817 -1.6417 -8.4130 -2.8957  3.8039  6.4659  1.7947 -8.2772 -9.5324  5.3549 -6.1856  4.2808  1.4792 -1.7331  9.8168  0.0199  4.2408 -0.3509  0.5770 -0.6562 -0.2384 -1.0906  0.0572  2.7606  0.1160  6.9605  0.6114 -2.9689  7.2875  2.6540  1.6225 -4.4943 -8.9877  3.2095  2.6101  4.8162 -0.3246 -5.5952  6.5390  0.1430  9.7597 -9.6466 -5.5762  1.2389 -1.3797 -5.7594 -8.7413 -7.1389  3.8897  1.8358  2.2048 -6.3487 -9.2548 -7.7380  6.4119  0.8612  9.2225 -2.9767  7.8923  6.5100  9.6772 -0.4852 -7.9843 -9.3105 -7.2757  4.6258  5.5057  2.3997  9.0306  2.0447 -7.4573  8.7902  2.3981 -3.0335  0.0291 -8.9817  1.2070  1.2879 -6.1206 -4.9033 -6.8764  6.0842 -1.2520 -6.1312 
-4.0261  8.3462 -4.8401  4.7300  7.5687  2.1831  2.6223  4.0787  1.8604 -7.8629  6.0944  2.5499 -5.1387  0.7202 -1.9444  7.2610 -0.2492 -9.8997  9.8037 -1.4590  2.4983 -3.2298  8.5702  3.5166  7.9772 -0.1420  7.3960 -6.9261  2.9817  3.4802  1.8219  6.8505  1.8264  6.9818  1.5805 -0.6048 -0.8351 -5.7972 -6.5261 -8.9747 -3.6601  9.5683  3.5752  1.2013  0.2885 -8.3692 -1.5377 -9.9607 -8.2690 -1.7340 -1.4197  4.2293  5.0362 -2.8495 -2.2540  3.0134  7.0085 -4.8580  6.0873 -0.0098  8.6222 -2.0908 -3.1593  0.4487 -5.1090  8.4212  9.8438  4.0560 -7.3760 -6.6823  5.0813 -1.0360 -7.1140 -1.3435 -9.8348  3.1745  0.2872 -1.3725  3.2138  2.0182  6.8935 -8.2059 -3.7524  1.9296 -1.0554  3.9936 -5.0570 -4.0469  9.1356 -8.9697  5.9433  7.7578 -1.0605 -7.2160 -1.7935  3.8306 -8.7948 -1.9497 -2.1135 -6.1707 
-0.1676 -4.8401  1.3680 -7.0322  2.7932  4.2540  1.6243  2.9585 -2.5715 -8.0885 -8.4140 -9.3577  3.9297  8.4794 -7.5636 -9.8227  0.4091  1.3810  4.1709  5.3521  7.3341  3.3065  6.3824  3.2774  1.0643 -4.6780  6.0614  9.2708  9.1525  7.2667 -2.6789 -2.9609 -8.9041  8.6891  0.0069  3.8892  2.9431 -8.3688 -3.1524 -9.6284 -6.4574 -1.5664 -8.9861  7.4724 -3.0870 -6.5498  7.6497  7.3221  4.8312  1.8205  2.6742  2.1653 -4.8730 -0.9434 -4.5573  6.1913  4.3786 -8.4959  5.4620  3.5311  8.7707 -7.2169 -9.4298  9.8667 -8.5278  0.5771  3.7558  4.4153  2.2082 -9.3966  4.7869  5.7509 -0.9630  5.8008  3.2232  5.9500  9.2510  0.8729  3.2721  4.0822 -7.3066 -4.0537 -3.7525 -2.1796  5.0029  1.6901 -5.9883 -0.6185  3.1942  9.4738 -7.0874  1.9650 -7.7431 -6.5172  1.8316 -6.2709  4.0599 -4.4125  8.1444 -3.7318 
-9.4428  4.7300 -7.0322 -3.8091  2.9313 -7.9810  5.2279 -1.2680  5.2422  1.1780 -2.0169 -3.8849 -5.5499 -7.9347 -1.1915  0.3964 -1.6873  6.6290 -4.6006 -9.9971 -9.3593  4.7809  3.1971 -9.8855  7.6935 -4.8379 -7.6287 -8.8236  6.9937 -3.8996  5.2363 -7.4188 -5.7552 -8.4955 -1.2279  7.1760 -6.4765 -5.9999 -4.0919  8.7658  5.1781  3.8911 -5.1191  9.6282  5.9564  3.6894  0.0246 -5.7309  0.3184  5.4240 -5.7280  0.9591  0.2049  7.4691  1.0736 -2.1015 -7.3688  3.4450 -0.9252  9.6249  9.5454 -5.6888 -7.7939 -6.2099 -4.1843  0.9783 -9.0338 -0.6608  4.9783 -3.1257 -1.8951  0.1564 -9.2346  2.9858 -0.2154  6.7218 -3.3248  9.8092 -9.0091  6.9937  5.2332 -4.7371 -2.0472 -4.5619 -7.2680  9.0264  3.3366 -4.6368  2.4714 -7.5886 -5.0118  2.0168 -3.2774 -2.8057  5.8069  2.5382  8.1726  6.7731 -8.1226  3.1509 
 5.1030  7.5687  2.7932  2.9313 -6.3527 -0.0177 -6.6927 -5.5873 -7.0318  3.0919 -8.8655 -0.3566  2.9011 -7.8746 -3.3629 -1.8657 -2.6117  4.5899  3.5724  0.1203  3.6163 -3.0910  5.4835 -3.9123 -0.6796 -9.5283  8.1044  6.0430 -2.3340  3.9113 -1.4188 -4.1614  0.6844  0.4586  8.9896  4.3318 -9.5590 -7.7031  8.7445 -6.5909  5.3888  9.8790  3.0525 -1.7101 -7.9956  9.6896  6.4243 -0.6073  4.2795 -0.0033  9.5130 -2.1042  6.9056  4.9965  3.9835 -3.7740  5.4683  2.0879 -7.7310 -6.8657 -4.0008  0.8502 -1.0270  6.6836 -8.6912 -2.0375  1.0154 -8.2502  0.2595 -0.2401 -4.8411 -4.3517 -0.3611  8.2114  3.9383  1.6432  7.9010  0.3625 -8.9641  2.1805 -9.6408 -9.4511 -9.9237  7.2648  5.5455  4.0598 -6.5091  1.0137 -3.8524 -4.2401  4.1481  2.1469  6.6100 -6.8790 -1.1695  7.9189  1.0836  9.8459  9.6686 -8.6570 
-9.8875  2.1831  4.2540 -7.9810 -0.0177 -0.3942 -5.1725 -3.0087  9.2446 -6.9611 -9.0704  0.8879 -9.0601  1.2921  1.9238  3.1204  1.6513  2.4727  3.1967 -1.0839 -1.9818 -2.7435  2.4070  9.0319  3.4041  8.1668  3.1800 -4.4490  4.7769  6.3010  4.3814  2.6957 -2.6155  4.2273  2.3643 -1.2724 -6.1669  7.1918  5.7189 -6.9223 -9.7693  6.6485  3.9656 -8.8293 -2.0594 -4.1107  4.2911  9.5919  8.3621 -2.5122 -1.4920 -3.6198  4.7443 -9.0850 -4.5879 -1.8516  9.0818  8.5921  3.6993  3.8587  4.8931 -1.9192 -3.4456 -7.7224 -7.6919  8.9188  1.0052 -3.8588  6.1106 -3.2759 -0.7811  6.3414 -6.6274 -6.8155  7.5120  1.3132 -0.9262  1.8031  0.9050 -2.5641  9.2909  9.4130  3.8161  4.0352 -9.6720  9.2282 -7.8164  9.4098  7.8203  5.8829  3.2685  2.7134 -6.0363  9.8230  4.9910 -3.7282  8.7417 -4.0039  2.4130  4.8524 
 8.3324  2.6223  1.6243  5.2279 -6.6927 -5.1725  2.7202 -8.3681  1.1937  6.0927 -5.1836 -1.2943 -2.5941  3.8902 -9.4911  8.3109 -8.6740  9.7998  7.7240  5.1421  3.8350  8.0520  4.3704  6.0186  7.4618  2.1907  1.9015  0.7304 -5.0960  5.8652  0.5533  9.8950 -7.8629 -0.7049 -4.1089  4.5501 -5.8526  8.6113  6.1820  5.3412  4.7040 -9.0016 -5.9531 -7.8901  4.8886 -5.4442 -9.5791  6.2147 -5.6444  8.1448  1.3568  8.1906  6.1968 -4.2728  4.2091  3.6587  7.9178 -3.8894 -5.6110 -7.1781 -8.0241  4.9423 -7.2831 -5.8871 -5.7626 -1.3920  8.6631 -1.6151 -2.7808  4.8451 -6.2740 -8.0767  5.8435 -2.2271 -5.9668  0.7321  2.3287 -5.5459 -3.0532  6.6843 -7.4011  8.3036  4.8748  8.7957 -5.9692 -0.9160  2.4544 -8.0514  5.1946  6.8434 -5.2295  7.1705  1.7857 -2.5127 -8.7166  6.0231  6.0953  9.9465 -5.5920 -6.6855 
-9.2866  4.0787  2.9585 -1.2680 -5.5873 -3.0087 -8.3681  4.7916 -1.8660 -4.7622  0.6351  5.9070 -0.7290 -8.6327 -1.7643  3.7251 -1.6859 -5.0801  6.3239 -3.3823  9.7948  5.1197  0.6485 -1.1213 -2.4260  2.5970 -5.9267 -5.5826  7.3675 -8.7562  6.2031 -5.1452 -7.4727  2.2263 -9.0499 -7.5262  6.6343 -5.7354  7.2654 -5.2317 -0.4976 -2.0995 -9.3247  8.7734 -0.7322 -1.0891  2.4985  7.5819  3.8309 -1.1776 -5.8005  3.6256 -6.0579  4.8480 -7.4956  1.5161 -2.5550 -3.4223  5.9335 -5.1875 -2.1785  2.1366 -0.3326  0.3488 -5.6371  0.6175  2.8226 -9.0028  4.8821  0.0879 -4.2345 -5.6155  7.9884 -3.5592 -6.8421 -2.7438  5.3517  5.6564 -5.1619 -0.8174 -5.5212 -0.9624 -7.1918 -1.5792 -6.1144 -4.6874  9.9369  1.3306  1.8903  5.8704  6.1432  9.7118 -1.9929 -4.1895  0.0606  2.3700  6.4280 -7.1168  3.3672  1.3101 
-7.0010  1.8604 -2.5715  5.2422 -7.0318  9.2446  1.1937 -1.8660  2.9711  9.1327  5.6946  0.9596 -4.4266  8.8525  8.2158 -9.0749  4.5088 -6.9462  0.1077  8.9876  2.0914  2.9159 -2.5915  5.9770  8.2285 -2.6546 -2.6924  0.1187 -6.7842 -6.5492 -0.1695  1.2229 -0.7387  9.8911 -6.4071 -4.3107 -7.2257  6.9600  6.9994  5.7455  6.0927  2.6939 -3.2950 -8.3339  1.5464 -5.0792 -7.4087 -3.9448 -2.0253  2.6990 -4.9572 -9.9339 -4.3851  2.4513  6.0432 -6.1567  9.7967 -6.6492  3.9621 -6.9875 -3.1984 -6.2074  4.2354  6.0629 -6.3163  7.8282 -8.2478 -3.5419  4.7883  8.7516 -7.7965  0.8810  1.4455 -1.0914  2.5471 -7.0081  3.8294  5.1383 -0.9529 -8.1959 -2.1627  4.0899 -8.1298  3.4522 -3.4589  7.9134  7.2955 -3.6622 -8.7358  1.2575 -0.6497 -1.9342  5.0501 -6.4144 -5.8713  8.7339 -8.5861 -4.1191 -4.8081  6.2022 
-8.7934 -7.8629 -8.0885  1.1780  3.0919 -6.9611  6.0927 -4.7622  9.1327 -5.3675 -2.6045 -2.9169  6.0780  6.3041  9.6302  9.0698  0.1335  4.7685 -1.8831  1.9376 -7.3941 -7.7933  3.8078  6.0580 -1.2521  1.7212  3.3535  5.0857  2.9854 -5.3890 -5.5641 -8.9488  9.6612 -1.9784 -4.8201  8.3950 -0.5645  1.0608 -6.4130 -4.3624  5.6933  0.9825  2.7207  1.7713 -2.7134  2.3509  0.8411  7.4200 -2.8805  8.9580 -0.6423 -0.2747 -8.8353 -6.8345 -4.2166 -0.0874  4.8867  9.1369 -5.0017 -2.1279 -6.2521 -0.5658 -1.0767 -6.5909  7.4558  4.1032 -8.1959 -3.1087 -4.8360 -4.6089  2.5289 -9.1427  6.3736 -4.7504  2.6286 -6.3399  7.6005 -6.5303 -8.9198 -5.2800 -7.5723  0.4378  4.4454 -6.4076  3.6033 -9.7713  3.5049 -1.5100  9.3656  8.5032  6.3621 -6.8865 -2.0626 -4.7146 -3.4774 -4.6068  9.3886 -1.6733  2.2844 -5.4474 
-3.0967  6.0944 -8.4140 -2.0169 -8.8655 -9.0704 -5.1836  0.6351  5.6946 -2.6045  3.7178 -5.1867 -4.5901  0.0914  0.0629  8.0385  3.7515 -2.3366 -8.4918  4.8317  2.3835 -6.0642 -4.7305 -3.1712 -2.4718  8.8728 -2.9425 -8.9669 -2.6372 -3.5769  9.5363 -6.2751 -0.4634 -2.5263 -0.9897  6.0591  2.8669 -1.6012 -5.6142 -4.8486  2.9514  8.1036 -0.0353  8.3613 -1.8051 -9.9724  6.3998 -8.0536 -2.3090  7.9080  6.7781 -9.9255 -8.1561 -7.9524 -3.0967 -0.6279 -9.0796  3.9608  0.4052 -1.7168 -9.6161 -0.0584  2.0081 -0.0795  7.4153 -8.9816 -4.0204  0.2823 -0.5828  0.3654  5.4336 -7.6314 -1.5310 -4.6017 -9.2700  6.6639 -4.5741  7.1298  8.6104  3.1169  5.0378  5.3885  3.1914  6.8817  7.4361 -9.9053 -3.7462  8.3565  4.0555  6.6590 -3.3603  4.4394 -3.3994  8.6478 -5.6401 -5.9841  9.6662  0.3395  4.2982 -0.9166 
 7.8508  2.5499 -9.3577 -3.8849 -0.3566  0.8879 -1.2943  5.9070  0.9596 -2.9169 -5.1867 -9.2951 -0.2682  1.4520 -0.8261  5.1301  2.1820 -4.1621 -9.4441 -0.6882 -5.5517  3.6728 -5.6504  9.8367 -3.1358 -8.7687  7.2728 -3.0411 -2.5149  5.6293 -8.9856 -5.8559 -7.7310  5.4538  0.7447 -9.0832  9.8138  4.7606 -9.4170  0.1533 -0.9412 -0.3336  0.8583  8.7905 -8.8816 -9.9678  3.9206  3.3004 -4.1299  4.4765 -7.3878  0.3183 -1.8507 -3.0382  0.1551  5.0135 -1.8069 -2.5721 -8.0276  5.6782 -6.9428 -7.0132  9.8223 -4.6738  8.4407  0.5669 -3.7569  8.2545 -4.6725 -3.1739 -1.5922  4.3863  6.4924  9.2660  3.1768  7.6108  9.2982 -2.9026  0.9112 -4.8317 -8.4261  3.5233  5.4866 -0.2767 -9.5149 -4.3583 -5.2632 -1.3218  3.0696 -3.2908 -5.6437  6.1268 -0.3040 -5.8214 -8.5470 -1.8633  4.7455 -2.3039 -3.6088 -9.9270 
 6.9150 -5.1387  3.9297 -5.5499  2.9011 -9.0601 -2.5941 -0.7290 -4.4266  6.0780 -4.5901 -0.2682  4.5221  4.7989  4.4593  1.0146  4.0649 -2.3639 -1.3746  3.3632  4.7336  9.5366  8.5314  6.3075  3.0599  4.0180 -3.9693  3.5450  9.6597  0.7675 -7.7768  2.7292  7.4767 -3.4205 -1.1440 -2.8272  0.7581  0.3090  5.3095 -4.4964  8.0051 -8.2994 -4.4234  2.5272  6.4996 -9.9640 -6.4582  0.5645 -2.3279  2.1672 -6.0723 -7.5943  1.7038 -7.5409  8.7131 -5.2363  6.4772 -5.2561  8.3088  6.1369  5.5114 -9.4680 -1.1339  2.9882 -2.8885  7.7221 -9.8390  7.8696 -1.9688  5.4704 -6.6269 -3.9637  7.1711 -1.0502  8.5635  3.6706 -1.0143 -7.8947 -5.7648  6.6578  4.2725 -1.8372  9.0635 -4.0236  0.6220  7.7766  0.7401 -2.9009 -7.4795 -0.9511 -6.7640  8.0319 -0.4192  2.1021  1.0201  6.6923 -0.1758  1.1811  4.5619  7.8554 
-9.6731  0.7202  8.4794 -7.9347 -7.8746  1.2921  3.8902 -8.6327  8.8525  6.3041  0.0914  1.4520  4.7989 -3.3485  7.9350 -6.1084 -6.1774 -3.1152 -7.5449  7.4932  5.8705 -5.4395 -8.2716  2.5283  8.8330 -0.1088  1.5918 -5.1906 -9.4868 -0.6316  5.5495 -2.3877  1.8889 -5.4017  0.8483 -0.0791  4.1791 -7.0497 -9.0590  0.8714  2.7745  2.1220 -4.5667  0.6299  8.7735 -6.6317  4.5215 -7.4039  0.2531  6.9767 -9.9107 -3.8764 -8.4629 -8.1823  8.6519 -9.6298  1.7089  0.2437 -4.8205  2.2221  9.6121 -9.2710  9.8344  1.5011 -4.6727  0.6827 -8.5781  9.5064  3.6330 -7.6371  0.3779 -3.5925  4.4849  5.8112  7.0374  3.2584  9.1795  1.5590  5.8545 -0.5674 -1.4644  5.9439  5.5562  0.0728  7.7616  4.2081  0.4429 -0.5295 -5.5482  5.6224 -8.3074 -5.9361  6.3514 -8.4730  5.5650 -8.3213  2.2096  6.9869 -8.8149 -4.1574 
-7.9574 -1.9444 -7.5636 -1.1915 -3.3629  1.9238 -9.4911 -1.7643  8.2158  9.6302  0.0629 -0.8261  4.4593  7.9350  9.3498  1.5630  2.2502  3.8347 -2.6258 -0.7124 -2.9068 -3.4464 -9.1534 -7.0523  5.9862 -0.6178  8.8915  1.5424  9.4550  6.6531 -4.2496 -0.1021 -3.8764  0.2022 -4.4797 -2.1838  4.2662 -8.1282 -0.6568 -0.1688 -6.4495 -8.4472 -3.1819 -5.2644 -2.6046 -3.8321  6.2986  9.6456 -9.9973 -6.3272 -1.0667 -2.9041  0.2264 -0.2201  0.0436 -3.7874  9.1621 -1.0649  7.7549  8.6171 -4.4118 -6.4946 -1.4850  1.7118  3.7076  4.0353  9.5280 -2.0262  5.9071 -1.1289  7.8050  9.4576  0.4239 -5.3769 -5.8068  7.8194  0.7911 -9.5082  7.4650  0.7937 -5.8355 -3.6017  7.8896  4.3909  6.1781 -2.0669 -9.3965  5.3402  6.8683  8.3585  3.9573 -7.5435 -8.1362 -7.5277  4.1683  5.5714  6.5077  3.6962 -6.4548  2.4148 
-5.4086  7.2610 -9.8227  0.3964 -1.8657  3.1204  8.3109  3.7251 -9.0749  9.0698  8.0385  5.1301  1.0146 -6.1084  1.5630 -7.4326 -8.6498  1.8724  2.9913 -4.0267  6.0655  0.8107  6.7644  6.5573 -1.7243 -2.4419 -9.2782  4.6739 -4.5523  5.1128  0.8520  3.3808  5.7163 -3.8077  0.2491  4.0748 -9.8504  2.7056  5.9386 -7.3781 -3.1262  1.5100  9.1296 -9.4299  5.0553  1.5444 -6.8626  6.4055 -6.5833  6.1287 -7.6212  9.4823 -3.0606  9.1431  6.0396  5.2150 -3.2988  6.7614 -0.1110  2.1489  1.8742 -9.2590 -4.4702 -2.4095 -3.0667  5.7789 -8.3348 -2.9171 -1.5155  7.6038 -0.2952  5.3583 -0.8861 -1.1656  5.9283 -5.8309 -9.6212  9.0658 -9.4254 -6.2045  5.1945 -7.0466 -6.7222 -7.8661 -7.9035  9.3174  7.3489 -1.2022  6.0788 -2.7621 -9.0533 -2.0470 -2.0211 -3.5235  5.5435  4.9122 -7.7446  7.2087 -8.0050  0.7398 
-1.7817 -0.2492  0.4091 -1.6873 -2.6117  1.6513 -8.6740 -1.6859  4.5088  0.1335  3.7515  2.1820  4.0649 -6.1774  2.2502 -8.6498  4.8125  1.6998 -3.9019 -6.0736 -9.4658 -7.9735 -1.9045 -9.0870 -8.9078 -1.3299 -5.2915  6.2867  1.6235 -2.0137  8.4206  3.7200 -2.6963  5.7696 -7.4823 -6.6175 -6.9926 -6.5356  1.3355  0.9863 -0.0591 -3.1210 -4.1015  2.1963 -5.9123 -2.1065 -7.0639  8.9002  9.5933 -0.9657 -7.1734 -9.8724  1.0607  0.9222 -8.9594  2.1530  9.5923 -4.2509 -1.5603  1.2157  3.7355 -3.1397 -5.0643 -8.9608 -7.3701 -2.5465 -5.5783 -4.3627  0.9179  5.7571  6.6236 -9.1412 -7.3639 -7.4779  3.0551 -3.2762  0.4156  5.9913 -4.3759  0.0090 -4.9745 -1.5493  0.1366  6.0863  9.3729  1.1771 -1.7608  8.9651  6.9263  6.6790  0.1809  0.6617 -6.4607  5.1166  1.7009 -3.8308 -7.4299  6.1226  1.8065  3.4880 
-1.6417 -9.8997  1.3810  6.6290  4.5899  2.4727  9.7998 -5.0801 -6.9462  4.7685 -2.3366 -4.1621 -2.3639 -3.1152  3.8347  1.8724  1.6998  1.8797 -1.5698  4.3468  4.5158  0.9523 -2.5981 -8.7604 -8.6321 -6.6068 -3.1363  1.3769 -1.5812  5.3144 -8.4865 -5.4950  4.6873  2.6906  2.7443  3.6524 -0.3831 -0.5767 -6.1667 -9.7214  2.9626  8.9499  1.9795  9.1318 -8.4800 -1.8979  0.9383  5.0079  9.9818  9.3685 -0.6453  4.4976  0.3208  6.7566  5.7373  1.6888 -9.8501 -7.3990 -6.9343 -1.4314  7.9154 -5.4209  3.0737  2.6027  7.2698 -4.1821 -3.7449 -3.1134  5.2412  0.0884 -2.8347 -1.7962 -0.9617  9.1448 -2.6645  0.5583 -2.7531  8.2738 -4.4338 -2.7713  7.6423  4.9209 -8.2736 -2.0368  1.6776  7.4636  9.6519  1.8274 -9.9354 -7.2824 -9.6040  7.9801 -2.7033  3.4697  0.5828 -5.4335  9.2877  6.8379  1.4531  4.5289 
-8.4130  9.8037  4.1709 -4.6006  3.5724  3.1967  7.7240  6.3239  0.1077 -1.8831 -8.4918 -9.4441 -1.3746 -7.5449 -2.6258  2.9913 -3.9019 -1.5698 -3.0737  8.6184 -7.2674  5.9646  7.7632  0.0682 -3.4771 -4.9899 -1.6580  2.0891  2.2388 -4.0157 -2.9899  3.9652  3.9475  8.6876  1.4288  3.5994  0.5150  1.4935  6.3170  0.9111 -0.5265 -6.3863 -5.6192 -9.9437 -1.8198 -6.3316  6.8942  9.6333  8.1973 -6.1795  8.2517 -9.0701  9.7851  6.0149  0.9981 -3.6919 -8.9750  9.3401  8.3972  3.2639 -4.6756 -4.5927 -2.7709  9.2719 -5.9051  8.6579  2.8713  4.6099  0.1514 -0.8117 -4.4790  9.6249  2.8020 -0.0982  9.6812 -9.0178  3.5702  6.5754 -9.3846  1.7675 -9.6041  8.8671  2.6974 -9.8190  4.8821 -6.3045 -3.5109  5.9071 -6.9645 -5.1137 -0.8290 -1.6400  0.2935  6.4000 -2.3681  4.3884  5.0579 -9.4968 -1.0016 -4.7907 
-2.8957 -1.4590  5.3521 -9.9971  0.1203 -1.0839  5.1421 -3.3823  8.9876  1.9376  4.8317 -0.6882  3.3632  7.4932 -0.7124 -4.0267 -6.0736  4.3468  8.6184 -0.3085  4.5194 -5.1658 -7.5065 -5.5789 -5.4845 -6.5244  7.9914 -8.9091 -5.9089 -0.2411 -8.5132 -7.0418 -7.5437 -8.3322  7.8403 -3.8482 -1.8431  3.7474 -0.8127  3.0432 -7.0817  7.5473 -6.6633  9.3183 -4.8208  7.7252  4.3763 -4.3177 -3.2765  9.5856  5.3738 -8.7571 -5.5802  7.8673 -4.3360 -1.0647 -8.6571 -6.3446  0.0261 -4.5661  3.4143  1.5129 -1.6078  5.8706  3.1807 -3.7676 -7.9777 -8.6624  9.9798  1.2097  4.3808 -7.1019 -1.2431  7.7175 -7.7835  3.9361  5.4427  6.5927  9.6184 -7.8338  6.1783  4.9922 -6.5909 -9.4019  2.8595 -0.9269 -0.4666  4.2024  2.7285  9.5595  9.6363 -3.8573  1.0724 -1.9715 -7.9867 -5.7468  4.2609 -5.9644 -4.4092  4.2407 
 3.8039  2.4983  7.3341 -9.3593  3.6163 -1.9818  3.8350  9.7948  2.0914 -7.3941  2.3835 -5.5517  4.7336  5.8705 -2.9068  6.0655 -9.4658  4.5158 -7.2674  4.5194  5.2453  9.9716  7.1388 -5.9978  7.6891  9.3553  7.9383  3.1317  5.9480  7.5568  5.2979  2.1263  2.5490  8.7070  2.7244 -4.5915 -2.2199 -7.7422  9.6109 -9.4915 -8.1827  9.2472 -3.3488  2.8898 -2.7243 -1.3355  7.1430 -8.4634  2.7001 -7.2663  5.7773 -2.0546 -7.2947  2.9161  1.9477 -9.6056  2.2714 -0.1140  3.5261 -1.7806 -2.5572 -1.1760 -9.6543  9.9918 -2.4690  3.0701 -4.5997  5.3111  5.3280 -4.9888  5.8196  7.1453 -5.7416 -7.5292  0.0351  1.5341  1.1353 -2.8220  3.0707 -6.1646 -0.0882 -1.1520  1.7809  2.6171 -8.2359 -6.2715  3.0114  4.0355  3.6145 -3.4625 -7.7451 -8.9427  5.3616 -7.3994 -8.9509 -7.1074  5.6708 -3.5506  8.2036  0.9987 
 6.4659 -3.2298  3.3065  4.7809 -3.0910 -2.7435  8.0520  5.1197  2.9159 -7.7933 -6.0642  3.6728  9.5366 -5.4395 -3.4464  0.8107 -7.9735  0.9523  5.9646 -5.1658  9.9716  1.4606  4.0232 -1.8560  5.7191  6.4940  8.1791 -2.7468 -2.3707 -4.6428 -9.6760  1.4647  5.2689 -0.8280 -6.7544 -2.1140  0.9361 -3.0259 -9.1026 -5.0283 -9.4113 -2.5651 -2.7734 -8.3540 -7.2035 -0.1728 -7.3048 -4.3110 -4.5020 -0.8554 -6.1073  6.4967 -9.3948  7.9159 -5.3593  6.3243  4.4099 -7.1802 -6.4225 -7.9608 -1.8230 -6.0985  3.5039 -6.5541  3.0735  6.7496  1.3319 -5.9904 -6.2763  2.2292 -1.0187 -5.6876  9.6641  6.2079 -4.0416 -7.5394 -3.9649 -1.3464 -1.8504  1.5331  7.7982  2.0423 -1.9703  8.4034 -0.0418  2.6704  4.7277 -5.6319  5.4903  8.3052 -3.5927 -6.3328 -7.7934  9.9112 -2.8869  5.2801  6.6607  8.4449  9.2897 -9.6156 
 1.7947  8.5702  6.3824  3.1971  5.4835  2.4070  4.3704  0.6485 -2.5915  3.8078 -4.7305 -5.6504  8.5314 -8.2716 -9.1534  6.7644 -1.9045 -2.5981  7.7632 -7.5065  7.1388  4.0232  0.6742 -1.7290 -5.3032  0.3383 -5.5212  0.6553  2.7989  0.5139  9.3089 -9.0515 -7.9530  7.1070  2.9908  0.0767  5.5104 -7.0510 -7.2528  0.2381 -2.6829  8.2374 -1.4567  3.7243 -8.0954  0.7499  3.6355 -0.9823 -3.9700  0.2962 -2.5373 -4.6803  0.6807  8.1369  3.5907  5.3775 -1.5248  8.0695 -3.9672 -8.7259 -1.4166 -4.6583 -7.7774  0.6304 -7.5513  5.2135 -9.2929  7.9591  8.1625 -6.5457 -1.8028 -4.5205 -8.3083  6.7404  9.2038 -6.4037 -2.5097  2.8393  2.6141  3.5203 -6.8644 -9.9233  8.8400  3.8163  8.2136  2.4307 -0.8062 -3.3112  0.5002  5.2267 -2.0371  9.0836 -9.4317  0.1855 -0.2860 -6.9830 -4.6010  0.4211 -9.0239 -6.4386 
-8.2772  3.5166  3.2774 -9.8855 -3.9123  9.0319  6.0186 -1.1213  5.9770  6.0580 -3.1712  9.8367  6.3075  2.5283 -7.0523  6.5573 -9.0870 -8.7604  0.0682 -5.5789 -5.9978 -1.8560 -1.7290  3.8754 -0.8267 -0.9590  5.5671 -4.0863 -1.7552  9.1634  3.4040 -8.9158  1.7775 -3.0756 -5.7802  1.8542 -4.2356  8.0361  0.0678  8.1951 -2.7701  6.7565 -1.3047 -7.5434 -5.2806 -2.2211 -6.9751  4.9049  7.4929 -3.9581 -9.6961 -2.0860 -2.9819 -6.1347 -8.2106  6.1913  2.9063  7.3565 -7.8950 -8.8489  6.5199  5.5091 -7.7647 -1.7027 -7.5665 -3.5450 -9.8485 -1.8021 -5.5089  0.2193 -3.6070  1.7210 -3.0241  5.0883  4.1776  1.6953 -7.1328  7.2025 -3.3998 -9.6398 -6.7556 -3.0959 -1.7258  0.2625  0.7694  0.0636 -3.5462 -6.3243 -2.5799 -1.4412 -5.1732 -6.0601 -5.9321 -2.9379  2.2373 -3.4986  3.5171  2.3888  4.6992  8.0082 
-9.5324  7.9772  1.0643  7.6935 -0.6796  3.4041  7.4618 -2.4260  8.2285 -1.2521 -2.4718 -3.1358  3.0599  8.8330  5.9862 -1.7243 -8.9078 -8.6321 -3.4771 -5.4845  7.6891  5.7191 -5.3032 -0.8267 -7.3918 -8.9078 -0.2708 -0.4159  6.1805 -6.0933 -8.7207  9.0478 -8.8908 -2.1205  9.4080 -5.6464  4.7836 -2.3179  4.6160 -4.4470  7.7457 -8.9302 -0.7713 -4.8342 -0.3713  4.0554 -0.8942  3.6966 -8.8825 -8.6570 -9.8021  4.6346  3.7319  4.8972  2.6428  6.3400  5.9894 -7.6280 -4.0759  2.1700 -3.7213 -2.7966  1.2178 -2.6121  5.0830  0.6257  1.7415 -0.1334  8.3079 -3.6424  5.4196  6.0536 -2.5726 -5.3518 -8.7806  7.0561  8.7037  0.3252  0.7526  9.8212  1.6682  0.9506  4.4558 -4.5999 -4.1522 -2.9014 -8.2599 -8.1628 -0.5294 -2.3358  4.0072  5.7493  4.8676 -4.7751 -6.8628 -0.0494  5.8506  4.8787  9.8172  4.1585 
 5.3549 -0.1420 -4.6780 -4.8379 -9.5283  8.1668  2.1907  2.5970 -2.6546  1.7212  8.8728 -8.7687  4.0180 -0.1088 -0.6178 -2.4419 -1.3299 -6.6068 -4.9899 -6.5244  9.3553  6.4940  0.3383 -0.9590 -8.9078 -8.7637  5.2368  0.2121 -1.3363  9.8850  1.4315 -4.2803  8.5887 -8.2433  6.4724  8.4098  3.4249 -2.5771  2.8656  8.8249  3.2707  9.9642 -9.4349  5.1079 -0.5653 -1.7707 -0.8849 -4.8160 -6.9031  4.3400 -1.6788  3.0475  0.1906 -6.8001  2.8647 -5.6509 -5.5638 -1.8985  4.5612  3.0999 -2.0135 -4.0073  8.8197 -3.4248 -2.2506  5.2920 -5.0150 -8.8257 -7.2850  7.8506  9.9992  5.9857  7.8148 -9.4357  1.0936 -2.7505 -1.2065 -9.7913  2.4335  1.8904  4.5487 -9.2453 -5.0620 -5.2607 -6.0454  7.8027 -0.9116 -1.6091 -4.0958 -6.3504 -8.5092  3.8908 -0.3576 -9.6896 -9.5340  7.3918  5.6025 -4.5490  8.5660  8.3174 
-6.1856  7.3960  6.0614 -7.6287  8.1044  3.1800  1.9015 -5.9267 -2.6924  3.3535 -2.9425  7.2728 -3.9693  1.5918  8.8915 -9.2782 -5.2915 -3.1363 -1.6580  7.9914  7.9383  8.1791 -5.5212  5.5671 -0.2708  5.2368 -6.6984  8.5652  4.3031 -8.8837  9.1295 -4.6033 -1.6342 -2.0770 -4.3946 -9.2007  9.8135 -9.8459 -8.4460 -5.2485 -5.1066 -4.4914 -7.4458  3.9818  3.8995 -1.5416  7.6314  5.3902 -7.6508 -2.7262  5.7006 -7.1848 -5.3345  1.3031 -1.7339 -6.7684 -0.3795  1.5677 -8.2032 -6.0763  2.6840 -9.0737 -0.6796 -8.9501 -1.1506  4.9258 -8.1508 -1.3371  5.0798 -6.5969  3.4143  9.9732 -1.0883  5.9685  3.9550 -7.1888 -5.5731  1.5864  8.2014 -3.2239  8.8602  3.9021 -0.4087 -6.4743 -4.7948  7.8574 -3.2427  4.8257 -0.5749 -1.4459  8.7494 -7.8909 -0.5196 -1.9303 -6.8410  8.3298 -7.0045 -4.9918 -3.0074  8.0753 
 4.2808 -6.9261  9.2708 -8.8236  6.0430 -4.4490  0.7304 -5.5826  0.1187  5.0857 -8.9669 -3.0411  3.5450 -5.1906  1.5424  4.6739  6.2867  1.3769  2.0891 -8.9091  3.1317 -2.7468  0.6553 -4.0863 -0.4159  0.2121  8.5652 -1.5887 -9.5930  8.0485  7.3230  6.3754  2.0035 -9.8657 -9.1976 -6.4101  8.3357 -2.4215 -7.5499  2.2378  7.1698 -4.0241  7.4430  5.0272  2.7332  2.2687 -5.5477 -8.7127  1.0180 -3.4386  0.7677  9.0878 -0.2796 -0.9025 -7.9167  4.7286  6.0901 -9.8414 -6.8601  6.4971  8.2072 -9.5371  2.8725  0.2107 -9.4028  3.6749  3.8006  8.9329 -8.7466  6.2507  1.1707  8.4232 -7.7734 -1.3864  3.4503  4.9598 -9.1177  7.9026  6.2470  1.9003 -5.5360 -2.9853  0.9881  4.1845  6.1122  3.0713 -1.0869  2.2023  3.2300  2.0529 -1.3006  1.4371  2.5159 -8.4281 -8.3522  3.1131  5.2468  5.4484  2.0460  6.5002 
 1.4792  2.9817  9.1525  6.9937 -2.3340  4.7769 -5.0960  7.3675 -6.7842  2.9854 -2.6372 -2.5149  9.6597 -9.4868  9.4550 -4.5523  1.6235 -1.5812  2.2388 -5.9089  5.9480 -2.3707  2.7989 -1.7552  6.1805 -1.3363  4.3031 -9.5930  1.6992 -6.7834  4.9233  3.9258  1.8302 -1.6263 -1.1145  2.7125 -3.7237 -4.8675 -5.3872  0.7403  2.1472  5.6009 -5.0752 -1.7406 -1.3278  3.8378 -9.5383 -8.0978 -4.1092 -0.8389  3.3393  8.4066  0.7330  4.9871  1.5197 -4.0202  0.4355 -6.4343 -7.5200 -7.8653 -3.2177  7.4033  6.0605  8.6125 -4.2230 -5.0540  1.3250  2.0533  0.0785  5.9378 -7.2065 -7.7743  1.5387 -2.2817  0.4851 -9.7891 -8.4439  0.9468 -7.8870 -2.5531 -9.8921  5.4523 -4.1465  0.8409  0.4394  7.3732  6.8207 -9.1250 -9.0611  9.3007 -6.9903 -2.2788  6.7040  9.0701 -3.6663 -7.5190 -5.9839  7.6587  4.5342  4.0946 
-1.7331  3.4802  7.2667 -3.8996  3.9113  6.3010  5.8652 -8.7562 -6.5492 -5.3890 -3.5769  5.6293  0.7675 -0.6316  6.6531  5.1128 -2.0137  5.3144 -4.0157 -0.2411  7.5568 -4.6428  0.5139  9.1634 -6.0933  9.8850 -8.8837  8.0485 -6.7834  3.5965  7.3278  6.3203 -4.8648 -4.9539 -3.1945 -4.6540 -3.3978  7.7523 -2.5410  4.0491  7.8602 -7.0886  9.9026 -1.2989  3.3508  7.2758 -4.4782  4.2258  8.2147 -5.1776  7.2355 -4.0641 -8.4736  6.3056  2.2696 -5.9926 -9.6783 -0.0716  8.5416  4.4163 -6.4751  5.8694  0.7367 -1.3400 -9.0846  7.5422  4.0060 -2.4824  5.2945 -8.5349 -8.4333  3.1547 -5.6235 -8.5308 -8.1442  7.7273  8.7450 -2.6224  1.9531  6.9598  2.2000 -0.8115 -7.1043  3.7264 -4.5059  5.1654  7.7338 -4.1842 -4.9063  6.2754 -9.7679 -1.3814  2.1448  0.9688  7.2786  3.0602 -1.4891  1.2846 -9.4222 -6.1946 
 9.8168  1.8219 -2.6789  5.2363 -1.4188  4.3814  0.5533  6.2031 -0.1695 -5.5641  9.5363 -8.9856 -7.7768  5.5495 -4.2496  0.8520  8.4206 -8.4865 -2.9899 -8.5132  5.2979 -9.6760  9.3089  3.4040 -8.7207  1.4315  9.1295  7.3230  4.9233  7.3278  2.7497 -7.8556  6.9601  7.1261 -6.3863  8.8159  4.8534 -7.6413 -3.8066 -3.1936  9.3185  8.3935  5.9950 -7.7858  2.1199 -8.5110  7.3796 -0.1463 -2.6952 -7.5267 -3.8709 -2.4630  1.0918  8.2739  8.5058 -1.6296  1.3341 -2.9833  9.6550  1.9119  0.8221  2.4047  4.0563 -2.2178 -0.4692  7.6700 -3.4019 -5.6158 -9.9713  2.7915  1.1906  9.3472  1.1850 -2.8144 -8.4386 -6.6951 -1.3254  8.9409  3.1586  5.9795 -8.5858  9.2877 -6.4835  2.5060  7.5616 -7.9778 -9.1236 -1.1043 -0.9611 -9.4686 -9.1924  9.8610  2.9361  4.8639 -2.3568 -7.5331  2.5338  4.2413 -3.1489  2.5625 
 0.0199  6.8505 -2.9609 -7.4188 -4.1614  2.6957  9.8950 -5.1452  1.2229 -8.9488 -6.2751 -5.8559  2.7292 -2.3877 -0.1021  3.3808  3.7200 -5.4950  3.9652 -7.0418  2.1263  1.4647 -9.0515 -8.9158  9.0478 -4.2803 -4.6033  6.3754  3.9258  6.3203 -7.8556 -2.9672  8.0417  1.9097  8.2178 -4.7727  3.4710 -8.4774  3.9020  2.4119  4.6812 -0.1186  3.8261  3.9689  3.3979 -3.6679  1.5305  5.4201 -2.7915 -9.5737 -5.5410 -2.2601 -8.7662 -5.6799 -9.3240  6.0977  1.9633 -6.8572 -1.3685 -3.7954 -0.0061 -8.8060  3.2374 -1.9644  3.1037  1.4551  3.2629 -3.4253  2.9778 -2.8351  8.9867 -2.3410  7.0463  2.8128 -8.3721  0.4442  9.1449  3.1584 -4.1357 -3.6467  3.5847  0.3234  4.0932  4.8185  4.6434  4.7692  0.9162 -3.3933  7.9120  9.5478  2.8113 -2.0941 -9.2582 -3.9513  5.9415  3.8455  7.5038 -0.7955 -9.5797  0.4816 
 4.2408  1.8264 -8.9041 -5.7552  0.6844 -2.6155 -7.8629 -7.4727 -0.7387  9.6612 -0.4634 -7.7310  7.4767  1.8889 -3.8764  5.7163 -2.6963  4.6873  3.9475 -7.5437  2.5490  5.2689 -7.9530  1.7775 -8.8908  8.5887 -1.6342  2.0035  1.8302 -4.8648  6.9601  8.0417  6.3693  9.4069  8.1406  3.4156  2.2197  9.7684 -6.1401  1.3646  2.9269 -0.2758  7.7179 -3.4884 -9.9525  1.8111 -8.6699  4.6910 -3.4197  2.2463 -8.7023 -5.5077  1.7940  4.1090  2.3982  2.5358 -9.8422 -1.6603 -3.6186  7.6616  7.5442 -3.1984 -1.8568  3.9135 -3.7915 -3.7162 -2.6708  8.4282 -3.9478  1.1890 -0.2072  8.9791 -9.0868 -2.4893 -4.5093 -9.0393  9.3218 -3.1793  5.6517 -4.0979  9.0670  6.9494  0.3944  0.8611  1.0585 -7.2074 -6.6031  1.2162  1.1324 -0.2218 -1.1222 -1.3235  6.5799  7.0210 -7.4099 -7.2116 -6.6952 -0.0808 -8.7834 -0.6430 
-0.3509  6.9818  8.6891 -8.4955  0.4586  4.2273 -0.7049  2.2263  9.8911 -1.9784 -2.5263  5.4538 -3.4205 -5.4017  0.2022 -3.8077  5.7696  2.6906  8.6876 -8.3322  8.7070 -0.8280  7.1070 -3.0756 -2.1205 -8.2433 -2.0770 -9.8657 -1.6263 -4.9539  7.1261  1.9097  9.4069 -8.8918  1.0094 -1.6639 -7.9786  8.5201  3.8268 -7.0179  7.8419 -9.3525  8.6338 -6.2560  9.7146  5.5832  4.1385  0.5756 -3.3583  6.9311  3.9725  7.8579 -1.9366 -6.2492 -3.2642  6.7400 -9.6694 -6.2432  9.3300 -6.8810 -2.9384 -0.7507 -5.6644  6.4187  0.3575  5.3451 -5.2452  2.3789  3.8652  8.5816  5.3610  1.7071  9.2292  3.9949  5.4512  8.9437 -0.4219 -0.4104 -0.4806  6.2198 -3.4793 -6.5081  4.0777  4.5841 -2.7574 -9.1865  1.3241 -2.4267 -5.4297  0.6542  0.6923  1.6319  9.9034  5.0279 -1.9494  0.2609  0.3730  2.8054 -7.3602 -5.7619 
 0.5770  1.5805  0.0069 -1.2279  8.9896  2.3643 -4.1089 -9.0499 -6.4071 -4.8201 -0.9897  0.7447 -1.1440  0.8483 -4.4797  0.2491 -7.4823  2.7443  1.4288  7.8403  2.7244 -6.7544  2.9908 -5.7802  9.4080  6.4724 -4.3946 -9.1976 -1.1145 -3.1945 -6.3863  8.2178  8.1406  1.0094  1.3870  8.0008  5.9453  0.6162  1.9957  1.3964 -0.4401 -8.4262 -9.0140  9.0793  7.7936 -2.4933 -7.4289  1.8713 -7.9092 -0.1862  2.6848  3.4149  7.3870  7.2552 -5.9309 -1.9207 -1.1129 -6.0275 -6.8928  6.9377  4.2334  3.4802 -0.2569  6.8732  7.7183 -8.8699  4.8740  3.6636  1.7463 -3.1303 -4.9400 -8.6938 -1.5565 -3.9540 -9.6145 -3.7629  3.5527 -7.0434  8.1084  5.6435  2.7704  0.7932 -0.9416  0.1574 -1.9516  3.1275  8.2367  6.9355  7.1000 -8.6561  3.8732  1.3334  4.8241 -6.3837 -1.7934  2.5424 -5.2536 -6.9194 -3.7941  6.4927 
-0.6562 -0.6048  3.8892  7.1760  4.3318 -1.2724  4.5501 -7.5262 -4.3107  8.3950  6.0591 -9.0832 -2.8272 -0.0791 -2.1838  4.0748 -6.6175  3.6524  3.5994 -3.8482 -4.5915 -2.1140  0.0767  1.8542 -5.6464  8.4098 -9.2007 -6.4101  2.7125 -4.6540  8.8159 -4.7727  3.4156 -1.6639  8.0008 -0.0497  1.2659  7.7988  8.3938  7.3119  8.1843 -5.3692  0.8646 -8.8591 -7.2608 -3.4919  3.9113  3.5325  5.5665 -5.9313 -8.4191 -1.3060 -7.6946  8.5164 -4.2060 -6.3506  2.3896  7.1274  8.4734  6.0058 -4.6660  1.0158 -9.2478 -1.5854  7.2218  7.2449  8.3649 -1.5123  5.0437  6.7587 -4.2004  3.2280 -8.6105  6.6642  4.3689 -5.8713 -6.8277 -1.7198  7.6612  8.7388  2.3489  9.2421 -2.5671  4.6544  7.7584  3.2269  8.3037  0.1480  0.3543  6.7772 -3.8462  5.6883 -2.2070 -3.0940 -5.8971 -4.9853 -5.8491 -7.5322  3.5024  9.1946 
-0.2384 -0.8351  2.9431 -6.4765 -9.5590 -6.1669 -5.8526  6.6343 -7.2257 -0.5645  2.8669  9.8138  0.7581  4.1791  4.2662 -9.8504 -6.9926 -0.3831  0.5150 -1.8431 -2.2199  0.9361  5.5104 -4.2356  4.7836  3.4249  9.8135  8.3357 -3.7237 -3.3978  4.8534  3.4710  2.2197 -7.9786  5.9453  1.2659  9.2265  9.3020  2.4226 -9.3840  5.9661 -3.2085 -5.2553  9.1384  5.0717 -7.5941  7.8772 -2.5794 -8.3521 -4.6899 -7.9251  9.4064  8.5370 -9.6213 -0.4456 -1.1087  7.1558  5.7082 -5.4204 -5.0512 -7.3858 -1.3175 -0.0365 -3.2349  1.1503 -6.5341 -4.0404  0.3768 -7.2321  8.3822  0.9928  8.7340 -4.8264  5.7375  7.8724 -9.7547  8.1434  5.7496 -2.3341  9.7913 -8.9403 -0.2592  9.1977  9.5967  0.1195 -1.2480 -1.5120 -2.7247 -5.5398  3.0677  2.2241 -2.9256 -8.2498 -7.8124  3.8394  2.9005 -4.3466  9.7991 -6.7227 -1.5787 
-1.0906 -5.7972 -8.3688 -5.9999 -7.7031  7.1918  8.6113 -5.7354  6.9600  1.0608 -1.6012  4.7606  0.3090 -7.0497 -8.1282  2.7056 -6.5356 -0.5767  1.4935  3.7474 -7.7422 -3.0259 -7.0510  8.0361 -2.3179 -2.5771 -9.8459 -2.4215 -4.8675  7.7523 -7.6413 -8.4774  9.7684  8.5201  0.6162  7.7988  9.3020  8.1812  4.2701 -2.8447 -6.6451  0.0076 -4.9723 -6.3998 -1.8491 -9.2227  1.2660 -2.0578 -8.1629 -8.9932 -2.8601 -8.5662  1.1263  5.8919 -0.0782  8.4015 -9.6479 -7.0105  0.6256 -2.5736 -5.2603  2.8131 -8.7341  7.6402  8.4666 -8.9351 -9.0825 -3.1121  9.2461  5.1876  4.0432 -7.3990 -4.8048  9.0709 -3.7988  3.3461  9.8482  7.4672 -8.7116 -8.3148  8.4740 -1.5718 -6.8810 -0.3997 -5.6799  3.0408 -1.9982 -5.3278  6.0303  8.6274  2.0986 -9.2300  1.4406  3.3645  8.4102 -0.0929  4.4294  9.3278  6.7950  3.6755 
 0.0572 -6.5261 -3.1524 -4.0919  8.7445  5.7189  6.1820  7.2654  6.9994 -6.4130 -5.6142 -9.4170  5.3095 -9.0590 -0.6568  5.9386  1.3355 -6.1667  6.3170 -0.8127  9.6109 -9.1026 -7.2528  0.0678  4.6160  2.8656 -8.4460 -7.5499 -5.3872 -2.5410 -3.8066  3.9020 -6.1401  3.8268  1.9957  8.3938  2.4226  4.2701  4.5154  0.8382  6.2765  9.7106 -0.0909 -7.5223  3.0568 -0.2428  9.9449  4.3451  1.4425  8.4189 -7.2267  4.5615 -1.9808 -2.9066 -2.3977  6.0210  1.7656 -6.3674  4.6484 -6.1358 -5.5973 -3.9110  7.2287 -7.1871  5.9961  1.6580 -7.8593  2.7912 -4.6664  6.6561 -6.3706 -8.3899  6.3667  3.5385 -5.9122 -0.5766 -6.7043 -5.9673 -6.2315  4.7382 -7.5484 -3.4581 -0.7004  0.4708  3.6353  6.9019 -3.5082 -4.5991 -9.4654 -8.8597 -0.7349 -5.0628 -2.7707 -3.5062 -2.2499 -6.7746  8.1518 -0.1092  6.0166 -6.5146 
 2.7606 -8.9747 -9.6284  8.7658 -6.5909 -6.9223  5.3412 -5.2317  5.7455 -4.3624 -4.8486  0.1533 -4.4964  0.8714 -0.1688 -7.3781  0.9863 -9.7214  0.9111  3.0432 -9.4915 -5.0283  0.2381  8.1951 -4.4470  8.8249 -5.2485  2.2378  0.7403  4.0491 -3.1936  2.4119  1.3646 -7.0179  1.3964  7.3119 -9.3840 -2.8447  0.8382 -3.4532  9.6460 -4.9045 -7.0865  3.1845 -0.8167  2.3369  6.4802  3.2160  6.1054  1.2184  5.6676 -7.3527 -9.4820 -3.8616  6.2826  7.4199  2.6303 -8.3165  7.9545  3.7705  0.9486 -7.1083 -9.0002  7.4424  0.6418 -5.7748  5.5943 -9.4674 -9.7582  9.0797 -2.9206  9.8878 -5.8248 -0.0071  3.0723  3.3585 -7.6702 -0.4475 -3.4255  8.4352 -9.2291 -7.7579 -8.9175 -8.7111 -1.6195  7.3651  8.7088 -8.9893  9.0486  6.6633  4.7813 -0.0028  9.5550  5.7811 -2.5604  0.1968 -9.9937 -6.9661  0.7294 -9.7518 
 0.1160 -3.6601 -6.4574  5.1781  5.3888 -9.7693  4.7040 -0.4976  6.0927  5.6933  2.9514 -0.9412  8.0051  2.7745 -6.4495 -3.1262 -0.0591  2.9626 -0.5265 -7.0817 -8.1827 -9.4113 -2.6829 -2.7701  7.7457  3.2707 -5.1066  7.1698  2.1472  7.8602  9.3185  4.6812  2.9269  7.8419 -0.4401  8.1843  5.9661 -6.6451  6.2765  9.6460 -7.8864  7.8087 -9.8640 -3.7112 -2.1984  3.2083  9.6472  0.1313 -7.2391 -3.7783 -1.4335 -6.4682 -1.5363 -0.3510 -5.1794  6.8442 -2.9859 -6.4705  7.8550 -3.9373 -9.8073  2.6362  6.0599  9.7477 -1.5827 -6.5005 -0.0555 -1.5763 -3.4666 -9.3261 -1.3282 -1.3530  8.4826 -1.1922  4.9358 -3.7158 -7.9838  4.5830  6.4156 -5.2230 -9.1953 -5.0179 -1.6912 -0.7316  4.6311  3.1294 -3.8874 -8.3548  6.6589 -6.0324 -2.2922  6.8516  6.6038 -6.2323  6.5993 -4.9788 -2.7328 -3.4561  3.4448  3.8006 
 6.9605  9.5683 -1.5664  3.8911  9.8790  6.6485 -9.0016 -2.0995  2.6939  0.9825  8.1036 -0.3336 -8.2994  2.1220 -8.4472  1.5100 -3.1210  8.9499 -6.3863  7.5473  9.2472 -2.5651  8.2374  6.7565 -8.9302  9.9642 -4.4914 -4.0241  5.6009 -7.0886  8.3935 -0.1186 -0.2758 -9.3525 -8.4262 -5.3692 -3.2085  0.0076  9.7106 -4.9045  7.8087 -2.7823 -7.8834 -7.5524 -4.2996  0.9245  7.3834  1.9846  2.9406  1.9664 -1.5999  7.7177  2.7711  3.3822 -3.9735 -7.9605 -1.9867  9.1559 -1.8479 -0.3416  5.8148  2.1198  7.3663  2.6664 -1.2764 -8.8661 -0.7342  3.7448 -1.5989  5.8096 -2.8104 -7.7983 -6.9726 -0.6938 -5.3506 -1.2723 -9.7693 -7.9672 -9.2877  3.1713  3.9992 -0.8876  0.8890 -3.2297 -7.5054  6.9155 -1.1902  0.5079  6.0714  6.9619 -9.8336  1.8862 -0.9183  7.5326 -5.4474  7.8052  8.6666  3.8184  1.5500 -2.9323 
 0.6114  3.5752 -8.9861 -5.1191  3.0525  3.9656 -5.9531 -9.3247 -3.2950  2.7207 -0.0353  0.8583 -4.4234 -4.5667 -3.1819  9.1296 -4.1015  1.9795 -5.6192 -6.6633 -3.3488 -2.7734 -1.4567 -1.3047 -0.7713 -9.4349 -7.4458  7.4430 -5.0752  9.9026  5.9950  3.8261  7.7179  8.6338 -9.0140  0.8646 -5.2553 -4.9723 -0.0909 -7.0865 -9.8640 -7.8834 -0.3720  8.7396 -0.7306  2.6554 -1.9542  3.9188 -8.6169 -1.7235  5.9516 -7.9046 -8.5521 -0.0492  1.2078  2.3369  6.7210  3.7024 -0.7476 -4.4692 -5.7896 -4.6762 -7.5073 -5.6233  7.2100  1.5743 -8.0906 -8.2374 -0.6204 -9.4241  5.5809 -9.0704 -2.3564 -4.7911  9.6692  6.9131  7.8643 -2.2850  0.8319  9.2473  5.9915 -3.2165 -8.6573  7.4394  6.7342  2.5505 -0.2237  3.4552 -3.7471  9.0287  8.9860  0.4633 -5.6476 -8.5213  4.8400 -8.4376  3.0530  6.7494 -6.6750 -7.5674 
-2.9689  1.2013  7.4724  9.6282 -1.7101 -8.8293 -7.8901  8.7734 -8.3339  1.7713  8.3613  8.7905  2.5272  0.6299 -5.2644 -9.4299  2.1963  9.1318 -9.9437  9.3183  2.8898 -8.3540  3.7243 -7.5434 -4.8342  5.1079  3.9818  5.0272 -1.7406 -1.2989 -7.7858  3.9689 -3.4884 -6.2560  9.0793 -8.8591  9.1384 -6.3998 -7.5223  3.1845 -3.7112 -7.5524  8.7396  7.3253  8.9059 -6.6378 -5.0311 -5.8852 -6.9686 -8.1180 -8.0210  0.7465  2.7138 -8.7736 -3.2620  9.4973 -7.4309 -5.8226  6.2315  5.1195  3.9537 -0.3132 -8.6275  2.9824 -1.3272  1.8357  7.3348  0.1515 -3.3243  8.8972 -6.7955 -6.5749 -7.7778 -4.3628 -9.2496 -8.8719 -1.0006 -4.2807 -4.7571  2.0308 -2.3987 -2.7781 -7.2227 -9.6849 -1.5517 -0.4847  9.8124  1.0173  3.6927  6.0440 -3.8631 -2.3536 -4.2693 -2.4907 -9.3712  4.4035  9.3450  7.9637 -5.4450 -3.9793 
 7.2875  0.2885 -3.0870  5.9564 -7.9956 -2.0594  4.8886 -0.7322  1.5464 -2.7134 -1.8051 -8.8816  6.4996  8.7735 -2.6046  5.0553 -5.9123 -8.4800 -1.8198 -4.8208 -2.7243 -7.2035 -8.0954 -5.2806 -0.3713 -0.5653  3.8995  2.7332 -1.3278  3.3508  2.1199  3.3979 -9.9525  9.7146  7.7936 -7.2608  5.0717 -1.8491  3.0568 -0.8167 -2.1984 -4.2996 -0.7306  8.9059  6.8609 -2.2405 -0.5542  9.0831  3.3967  0.1962 -9.7888 -7.6039  5.9155 -4.5459  4.4269 -6.4832  2.6760  7.2042 -6.1680 -8.8758 -3.2805 -6.3556  2.1415 -9.5878  9.6884  8.2784 -1.9413 -4.5809 -4.2123 -1.3125  9.8226 -4.8673 -3.3488 -5.6225  1.1535 -6.4879  2.1370 -9.4007 -7.4048 -4.4663  0.7956 -7.1935 -2.0702 -3.2889 -1.7395 -7.6433  0.2279 -9.0635  9.5609  4.0599 -7.9393 -3.7196  7.7043  4.2023 -3.3073  7.3926  2.4807  4.7513 -7.1883  8.2684 
 2.6540 -8.3692 -6.5498  3.6894  9.6896 -4.1107 -5.4442 -1.0891 -5.0792  2.3509 -9.9724 -9.9678 -9.9640 -6.6317 -3.8321  1.5444 -2.1065 -1.8979 -6.3316  7.7252 -1.3355 -0.1728  0.7499 -2.2211  4.0554 -1.7707 -1.5416  2.2687  3.8378  7.2758 -8.5110 -3.6679  1.8111  5.5832 -2.4933 -3.4919 -7.5941 -9.2227 -0.2428  2.3369  3.2083  0.9245  2.6554 -6.6378 -2.2405 -6.5612 -7.3657 -6.5989  0.0900 -2.9882  4.5546  3.6021  9.1488  5.1540  6.1974 -5.3175 -4.0505  9.0038  2.6123  2.6606 -2.7356  4.9690 -7.1115 -1.7991  4.5300  6.9484  0.2616 -9.1896  4.6527 -5.5361 -2.4970  2.0453  6.9446 -7.7456  4.8570  5.2130 -4.3068  7.4913  8.6141  5.7832 -5.4969  3.1687 -0.6147 -6.3481 -1.6773 -4.4173 -1.6655  4.2722 -5.4135 -9.0532 -3.0672  1.8509  5.9158 -0.1787 -9.9482  0.4458 -3.2303  0.3134  1.2562 -8.5776 
 1.6225 -1.5377  7.6497  0.0246  6.4243  4.2911 -9.5791  2.4985 -7.4087  0.8411  6.3998  3.9206 -6.4582  4.5215  6.2986 -6.8626 -7.0639  0.9383  6.8942  4.3763  7.1430 -7.3048  3.6355 -6.9751 -0.8942 -0.8849  7.6314 -5.5477 -9.5383 -4.4782  7.3796  1.5305 -8.6699  4.1385 -7.4289  3.9113  7.8772  1.2660  9.9449  6.4802  9.6472  7.3834 -1.9542 -5.0311 -0.5542 -7.3657  4.7773  8.7592  3.4677  1.7219 -8.9864 -1.6753 -3.0652 -3.2933 -4.1840 -4.4511 -7.5101  0.3191  8.7177  1.8752  3.9710 -2.9597  7.4579 -7.6946 -8.6875 -7.9556 -6.7478 -1.7547  3.8953  9.1681  8.0666  3.9471 -0.3861 -5.1637 -5.7396 -9.1300 -3.7413  9.0377  9.6292  9.7263  0.7596 -9.3572 -1.9490  7.6944 -2.6505  3.8670 -6.7567 -0.1606 -5.8139 -8.0390 -8.2854  8.1571 -0.9986  9.1725 -9.5375  0.3139 -8.7830 -6.2852  8.5592  5.1122 
-4.4943 -9.9607  7.3221 -5.7309 -0.6073  9.5919  6.2147  7.5819 -3.9448  7.4200 -8.0536  3.3004  0.5645 -7.4039  9.6456  6.4055  8.9002  5.0079  9.6333 -4.3177 -8.4634 -4.3110 -0.9823  4.9049  3.6966 -4.8160  5.3902 -8.7127 -8.0978  4.2258 -0.1463  5.4201  4.6910  0.5756  1.8713  3.5325 -2.5794 -2.0578  4.3451  3.2160  0.1313  1.9846  3.9188 -5.8852  9.0831 -6.5989  8.7592 -7.1172  6.6258 -0.9407  2.4967 -8.5379  3.3197  3.3667 -2.2792  2.3575  2.9959 -2.5529 -6.8829  3.6387  5.4982 -9.1885 -9.0118 -0.6348 -5.9452  0.8276  3.5513 -3.9842  2.5422  1.7083  5.0172  1.7148  2.1708 -4.6689  2.9318  5.8856 -6.1097 -1.9560  8.7684 -9.4839  7.1033  1.2651 -8.0218  0.4230 -5.3682 -0.3010 -7.2195  7.6277  7.1461 -4.1024  1.2664  2.6443 -3.2910  2.2546 -7.9905  0.7639 -6.9178  5.5607  6.7797  5.6244 
