
1. Number of rows m equal to number of columns n, m = n:

Origin matrix A:
    1.0000     3.0000     4.0000     5.0000 
    1.0000     2.0000     3.0000     4.0000 
    0.0000     0.0000     1.0000     2.0000 
    3.0000     3.0000     2.0000     4.0000 

Matrix U:
    1.0000     0.0000     0.0000     0.0000 
    0.0000     0.6772    -0.6113     0.4096 
    0.0000     0.2431    -0.3395    -0.9086 
    0.0000     0.6945     0.7149    -0.0813 

Bidiagnal Matrix B:
    7.1414     0.0000     0.0000     0.0000 
    8.0647     1.8706     0.0000     0.0000 
    0.0000     1.6550     1.0417     0.0000 
    0.0000     0.0000     0.7687     0.2156 

Matrix V:
    0.1400     0.8721     0.0863     0.4608 
    0.4201     0.0268     0.8426    -0.3360 
    0.5601    -0.4563     0.0110     0.6914 
    0.7001     0.1745    -0.5315    -0.4436 

Matrix U'*A*V:
    7.1414     0.0000     0.0000     0.0000 
    8.0647     1.8706     0.0000     0.0000 
    0.0000     1.6550     1.0417     0.0000 
    0.0000     0.0000     0.7687     0.2156 

B = U'*A*V is True.


2. Number of rows m equal to number of columns n, m < n:

Origin matrix A:
    1.0000     3.0000     4.0000     5.0000     6.0000 
    1.0000     2.0000     3.0000     4.0000     1.0000 
    0.0000     0.0000     1.0000     2.0000     6.0000 
    3.0000     3.0000     2.0000     4.0000     3.0000 

Matrix U:
    0.7071     0.3982     0.5819    -0.0524 
    0.2896     0.3927    -0.5604     0.6692 
   -0.6425     0.5607     0.4244     0.3044 
   -0.0575     0.6106    -0.4089    -0.6758 

Bidiagnal Matrix B:
    5.1062     0.0000     0.0000     0.0000 
   10.1568     7.3078     0.0000     0.0000 
    0.0000     3.9373     2.1127     0.0000 
    0.0000     0.0000     1.4270     1.1661 

Matrix V:
    0.1614     0.1345    -0.8211    -0.2049 
    0.4951    -0.1665     0.0256    -0.7571 
    0.5757    -0.1771     0.4500     0.0930 
    0.6226     0.1098    -0.2607     0.5936 
    0.0988     0.9543     0.2337    -0.1542 

Matrix U'*A*V:
    5.1062    -0.0000    -0.0000    -0.0000 
   10.1568     7.3078    -0.0000    -0.0000 
   -0.0000     3.9373     2.1127    -0.0000 
   -0.0000    -0.0000     1.4270     1.1661 

B = U'*A*V is True.


3. Number of rows m equal to number of columns n, m > n:

Origin matrix A:
    1.0000     1.0000     0.0000     3.0000 
    3.0000     2.0000     0.0000     3.0000 
    4.0000     3.0000     1.0000     2.0000 
    5.0000     4.0000     2.0000     4.0000 
    6.0000     1.0000     6.0000     3.0000 

Matrix U:
    0.7076     0.1944    -0.1824     0.3581 
    0.4735     0.3553    -0.1607    -0.0025 
    0.2154     0.3300     0.2077    -0.8631 
   -0.4782     0.7881    -0.3355     0.1387 
    0.0000     0.3255     0.8861     0.3281 

Bidiagnal Matrix B:
    2.3037     0.0000     0.0000     0.0000 
    7.6266     9.9422     0.0000     0.0000 
    0.0000     5.4007     3.0789     0.0000 
    0.0000     0.0000     1.9846     0.8787 

Matrix V:
    0.2599     0.6529     0.0908    -0.7056 
    0.1684     0.4112    -0.8306     0.3357 
   -0.3217     0.6349     0.4627     0.5285 
    0.8948    -0.0388     0.2963     0.3318 

Matrix U'*A*V:
    2.3037     0.0000     0.0000     0.0000 
    7.6266     9.9422     0.0000     0.0000 
    0.0000     5.4007     3.0789     0.0000 
    0.0000     0.0000     1.9846     0.8787 

B = U'*A*V is True.

